14.471
22.111
20.336
23.455
24.27
22.94
22.128
22.438
24.785
29.801
29.869
32.382
35.412
36.437
39.111
44.437
42.585
43.079
36.487
30.416
32.542
32.134
29.156
26.384
28.856
27.688
29.085
29.529
34.896
35.467
35.546
36.483
35.879
34.863
36.98
37.443
37.225
35.702
35.796
36.888
36.539
35.98
37.035
36.394
36.648
36.081
36.879
34.603
35.006
35.213
33.477
32.734
31.699
32.498
33.781
33.764
30.876
27.455
28.92
31.392
29.037
31.64
30.282
31.488
30.683
32.87
31.411
32.428
30.733
30.084
29.58
30.155
29.009
28.416
26.669
27.201
28.555
28.006
29.461
29.089
28.866
28.59
28.021
28.136
29.438
27.676
29.452
28.83
28.455
28.129
28.112
29.45
31.858
34.055
35.766
35.769
36.85
41.761
45.735
44.743
43.125
38.926
37.083
38.852
37.176
38.228
38.329
40.688
38.578
41.509
44.711
45.475
46.164
46.612
43.072
41.142
43.427
47.7
40.65
42.05
47.097
40.02
40.61
47.55
47.38
50.075
42.09
46.13
45.709
48.111
49.936
42.305
4.893
42.91
42.9
42.85
43.65
43.39
46.385
43.95
48.54
50.23
44.271
48
44.5
44.485
40.55
48.103
50.94
43.71
46.802
50.38
47.315
46.613
44.924
45.47
45.12
46.57
48.505
38.77
45.144
49.54
49.08
47.22
49.875
48.64
45.208
45.173
45.879
48.974
44.993
45.991
44.412
45.016
44.993
44.866
50
44.45
46.31
44.24
47.4
49.93
44.473
44.24
44.4
47.069
44.56
47.376
47.02
44.565
44.59
47.31
44.59
47.61
46.074
44.4
47.605
44.39
44.13
44.13
47.31
46.48
44
46.25
48.85
44.12
43.94
47.5
43.923
42.029
45.66
43.614
42.39
45.101
41.59
43.04
47.835
42.45
42.41
42.41
47.498
46.331
40.54
46.85
45.143
40.597
45.063
45.015
40.865
39.8
40.78
47.425
41.7
44.226
42.543
42.556
42.063
41.99
41.9
40.4
41.822
43.663
43.947
40.825
40.918
41.129
38.08
44.535
47.5
45.4
47.632
41.896
45.776
44.25
38.49
43.525
43.574
44.637
42.232
47.881
45.704
49.51
45.38
44.33
44.268
44.367
45.83
45.442
46.645
46.301
44.13
43.064
44.917
44.112
44.29
47.9
44.11
44.11
44.284
47.874
52.346
44.12
51.922
35.83
44.13
47.16
39.5
49.11
41.93
42.13
45.05
48.704
44.28
48.922
48.3
47.92
48.3
48.1
48.07
48.04
48.08
50.118
48.07
47.735
48.07
47.41
47.92
48.629
50.5
47.01
48.629
53.91
48.629
48.629
45.4
44
51.49
43.31
46.591
46.12
51.332
46.31
46.26
46.518
46.81
48.659
48.29
47.906
47.33
46.81
50.711
55.32
47.886
53.675
49.97
49.97
50.1
49.284
50.55
52.825
50.19
50.15
52.82
62.4
52.61
52.62
52.62
51.82
52.69
50.545
57.01
52.37
59.105
57.701
52.83
52.83
52.87
52.86
57.74
53.43
58.862
52.77
51.15
50.26
60.977
52.92
52.92
52.92
58.995
52.94
27.737
52.76
51.012
51
51
50.637
45
52.9
55.95
50.11
53.14
51.678
54.343
50.2
50.6
52.69
57.89
50.26
50.26
50.26
48.55
50.25
57.307
59.59
50.25
59.009
59.64
61.5
51.32

78.965
67.416
68.178
69.955
76.49
73.246
70.756
70.921
73.586
81.96
80.157
77.174
78.677
82.343
71.826
61.778
62.206
61.642
59.346
58.309
57.972
52.31
57.39
62.468
62.191
60.364
58.641
62.094
56.333
51.906
54.817
53.5
55.281
54.641
56.143
58.167
54.312
57.048
62.854
57.956
56.799
56.877
57.622
57.439
54.619
53.578
54.541
55.079
57.387
60.329
55.26
55.74
56.699
58.577
57.136
58.889
58.747
58.038
58.15
56.766
54.796
57.688
54.438
54.901
56.877
59.069
59.306
58.037
60.413
62.178
59.618
58.057
56.11
54.32
52.347
53.54
55.13
55.758
58.911
56.517
57.769
56.323
54.72
52.679
52.439
54.503
53.679
53.694
53.496
49.697
51.64
51.69
52.219
51.317
51.009
53.142
50.856
50.38
49.215
49.482
50.726
52.615
52.858
51.927
51.163
51.448
51.138
51.222
50.109
48.956
49.52
50.639
49.008
48.842
48.568
50.435
47.276
49.083
50.652
51.017
49.572
51.56
50.742
50.528
49.119
48.358
48.597
49.86
50.945
50.49
51.214
51.206
50.082
51.595
51
49.711
51.47
47.476
49.399
48.381
49.528
49.034
48.927
55.692
49.42
49.204
48.485
48.521
49.954
49.099
48.884
48.789
50.718
49.59
49.439
50.296
50.05
48.56
46.413
47.147
47.253
47.576
46.351
47.208
47.821
46.419
47.052
45.436
46.192
47.178
45.687
45.553
46.719
46.633
46.906
48.118
48.223
48.36
46.802
50.271
49.839
46.884
47.476
43.333
45.203
43.769
44.083
43.636
44.399
45.918
48.216
49.378
48.043
45.329
44.941
47.416
48.628
49.428
48.834
47.703
49.175
51.203
54.87
53.295
50.388
49.802
50.878
50.305
49.751
50.25
48.507
49.298
49.496
47.726
50.436
53.07
60.47
57.519
57.769
59.257
61.152
58.744
55.295
54.301
56.243
55.36
55.828
56.166
59.218
60.254
59.636
55.351
60.89
57.707
59.398
57.508
60.438
58.163
58.195
60.253
64.446
65.865
65.726
62.392
61.116
62.498
59.343
60.594
61.845
60.188
57.735
61.173
61.232
61.58
65.53
61.335
60.578
61.064
61.31
62.179
67.801
66.617
63.682
63.17
63.303
62.68
60.096
61.381
58.685
56.799
53.657
52.991
53.422
56.362
53.63
55.557
56.323
56.403
54.027
51.879
57.877
56.39
55.018
54.43
54.438
53.833
55.303
56.229
56.702
56.172
56.525
54.321
52.383
52.035
52.645
50.976
54.176
54.952
56.01
54.509
55.302
49.611
50.78
52.801
51.589
51.745
53.274
50.323
48.541
46.246
46.121
44.111
44.919
49.248
48.688
48.39
46.948
49.266
46.13
43.922
45.433
47.789
44.842
47.165
48.777
44.666
45.022
43.457
45.353
47.997
47.383
45.272
47.38
45.654
47.943
49.153
48.72
49.601
49.267
48.747
48.589
49.397
49.807
51.156
47.195
47.943
46.973
47.759
48.271
49.432
45.266
46.444
48.717
46.646
46.751
46.236
48.084
47.487
49.788
44.269
45.257
44.83
44.077
47.449
45.841
47.59
47.772
46.138
46.623
45.043
43.945
42.987
43.117
44.335
45.458
43.459
44.026
45.267
45.84
44.857
45.643
43.154
42.884
41.964
46.311
42.49
43.59
42.367
39.197
39.368
41.297
42.861
45.723
42.785
39.313
38.554
37.03
38.753
35.916
38.558
40.496
40.121
40.398
39.77
39.833
38.365
39.737
37.578
40.478
42.531
41.338
42.683
47.023
46.357
48.487
48.486
49.851
46.244
43.191
47.542
47.965
48.11
46.902
49.791
49.108
48.885
48.628
47.252
50.848
51.757
48.279
49.279
51.354
48.359
49.106
49
45.575
45.824
47.471
45.632
43.773
45.261
44.973
44.953
45.866
44.582
41.315
43.49
43.452
43.617
47.258
45.287
46.567
44.935
46.478
47.164
47.393
46.273
47.502
47.994
46.206
46.416
47.166
46.484
47.673
50.868
48.892
47.898
50.283
50.425
51.635
50.429
49.952
51.902
50.5
49.86
48.204
53.054
50.498
50.688
52.594
51.173
53.895
50.235
50.849
52.263
51.249
52.128
49.535
53.479
53.861
52.603
56.018
55.998
58.033
56.064
58.925
58.645
53.809
54.667
54.133
54.235
54.792
53.182
51.528
53.633
53.891
57.066
53.108
52.414
54.111
55.655
53.098
54.42
55.659
53.924
61.171
53.121
50.35
49.265
48.941
52.7
51.392
48.47
53.139
51.105
51.329
52.804
50.607
54.732
54.6
51.783
54.239
52.866
53.05
55.626
52.882
52.198
50.07
49.503
48.101
48.74
52.878
46.666
50.39
49.227
52.293
52.131
48.696
47.712
45.668
44.147
49.142
49.108
46.357
47.357
49.03
46.973
46.346
47.418
50.67
47.552
47.593
44.985
44.016
43.327
45.663
46.476
45.909
47.283
44.935
46.214
42.795
43.676
43.234
43.511
47.2
45.32
45.596
47.013
45.797
49.39
49.224
47.724
45.594
45.671
47.895
44.578
45.913
45.693
47.391
49.648
52.239
49.398
49.035
50.998
52.03
50.841
52.607
50.032
51.855
53.671
50.314
50.816
50.752
53.059
49.208
48.504
49.96
50.584
51.292
50.078
51.354
50.948
51.379
49.303
52.698
52.309
52.801
49.654
51.342
51.997
50.659
51.806
47.933
50.287
50.805
51.757
50.725
50.991
51.373
53.14
54.776
52.534
53.539
52.649
54.057
49.969
52.053
55.359
52.848
54.885
50.401
53.815
53.588
58.213
59.329
54.097
54.316
53.124
52.212
53.462
55.583
54.439
50.464
51.613
50.922
52.399
55.395
49.189
48.67
47.889
49.041
48.349
47.984
47.972
48.605
48.655
48.506
47.872
48.602
50.94
49.37
47.247
48.59
49.5
46.147
46.457
49.75
48.396
49.255
49.921
54.562
50.182
54.638
66.688
52.818
50.583
51.716
53.221
53.645
52.385
50.276
50.413
51.337
53.337
48.109
51.108
50.208
52.168
51.581
52.525
50.697
52.372
51.656
54.497
52.733
51.22
52.776
56.198
54.136
52.86
52.562
50.235
49.812
50.458
50.048
54.256
50.677
52.349
51.196
53.676
54.641
57.23
57.264
53.261
56.462
57.708
54.519
59.783
58.788
55.883
54.526
53.635
54.953
57.873
56.976
55.49
56.764
57.655
61.285
56.326
60.478
62.716
62.769
62.473
67.836
62.505
62.939
58.859
73.289
62.553
64.225
61.551
62.745
67.245
71.458
59.021
63.6
70.155
63.085
65.709
64.723
62.404
61.046
60.91
61.919
62.733
64.365
60.948
62.569
64.18
62.298
63.738
66.49
67.211
66.031
69.549
66.66
67.932
68.467
63.266
66.18
69.589
71.287
70.976
69.845
69.716
71.303
72.961
71.439
67.313
69.213
67.436
67.386
64.198
64.986
67.065
71.099
71.578
70.05
71.556
69.837
69.826
71.211
73.851
74.343
76.526
73.31
79.741
75.632
83.349
74.441
81.988
74.43
78.935
80.451
78.035
79.009
82.622
78.845
80.458
78.926
77.265
80.61
74.594
76.161
75.935
82.991
88.151
90.205
88.267
92.854
91.846
88.705
92.989
89.093
89.81
81.683
81.313
78.777
79.965
83.386
88.133
84.813
84.072
83.844
87.03
91.942
83.527
86.23
84.064
84.953
83.889
86.046
85.306
89.309
96.198
89.13
80.95
79.492
85.634
91.728
82.331
89.734
88.243
86.509
89.257
81.274
85.343
89.926
85.937
88.427
89.977
86.72
87.017
88.767
93.265
94.309
81.372
79.676
85.87
88.856
75.591
85.331
82.51
84.875
86.599
89.781
91.507
79.316
82.944
85.271
87.427
85.846
88.844
88.704
88.849
92.177
85.77
90.15
90.069
92.57
90.687
84.363
88.269
92.762
82.759
84.229
72.181
76.629
70.297
73.407
77.995
64.03
66.156
70.901
68.429
73.864
71.048
70.357
75.027
66.973
68.074
72.746
73.161
78.01
76.582
77.101
81.016
80.044
79.194
86.585
80.24
86.269
84.757
82.637
86.228
82.492
83.201
86.469
86.061
87.068
83.719
88.538
90.952
88.497
86.075
84.315
81.79
81.1
86.319
85.045
85.837
85.618
84.841
86.616
86.148
91.221
92.222
95.399
96.576
91.981
85.99
90.078
86.276
93.723
92.445
90.368
89.517
96.903
94.96
103.229
92.501
91.631
94.918
104.18
90.899
89.313
94.387
90.057
93.247
97.196
94.867
100.013
102.768
102.039
103.268
107.514
95.764
100.556
97.881
97.238
101.767
99.433
98.333
97.304
96.673
91.901
86.262
94.579
88.26
93.506
88.441
88.613
92.254
92.56
95.678
92
95.69
94.78
101.104
101.728
108.328
101.057
101.587
110.666
97.933
108.035
100.888
94.219
99.972
102.691
107.097
101.577
104.669
100.716
97.298
95.233
95.567
88.02
92.801
90.763
92.668
87.268
93.659
91.265
95.539
91.461
93.849
89.084
87.968
89.894
83.279
84.696
91.009
82.75
90.763
94.414
93.142
92.408
90.255
96.545
94.212
99.683
105.103
105.538
109.393
105.42
102.582
100.547
99.241
97.461
104.754
97.458
100.117
101.827
99.076
106.289
103.157
105.582
108.895
112.118
104.138
109.639
112.348
108.192
108.464
112.796
106.981
113.621
110.665
109.064
116.423
124.596
146.006
123.107
132.698
124.114
125.104
115.673
115.077
123.971
121.725
117.655
120.189
114.878
103.739
110.379
111.693
112.504
115.428
125.28
110.478
114.647
123.665
121.991
120.379
126.877
131.872
130.947
123.668
135.923
128.511
128.556
121.984
123.757
122.621
114.45
124.818
133.824
125.365
127.623
131.248
124.313
126.464
116.163
116.949
110.068
119.776
121.931
119.552
123.309
131.229
123.761
126.208
123.357
144.697
134.187
130.577
125.877
127.476
130.079
133.023
130.576
132.442
136.397
131.62
133.584
135.766
136.099
136.029
133.838
134.669
130.797
147.583
152.426
148.994
141.424
139.727
162.527
150.319
146.7
132.03
154.377
149.763
148.04
139.444
144.461
142.003
149.032
140.451
146.317
139.138
149.152
146.326
134.618
139.264
141.348
137.195
146.474
148.864
129.134
135.475
148.305
133.341
139.532
138.764
140.599
132.094
137.105
136.413
131.17
132.188
134.694
134.052
139.005
150.169
132.621
135.884
135.452
145.451
151.322
134.113
137.843
150.996
153.302
162.772
137.863
151.415
158.711
147.292
153.216
159.221
155.45
160.364
153.968
145.571
143.893
151.503
142.431
142.051
145.573
141.895
143.554
149.518
159.734
151.288
145.587
159.047
150.118
152.286
149
156.12
167.11
160.594
155.26
179.73
147.329
153.53
161.182
164.606
158.669
170.935
150.535
160.282
157.936
165.531
153.743
161.492
150.38
146.124
134.04
154.563
161.914
146.41
152.518
159.925
306.097
150.052
163.028
148.923
155.474
145.955
156.69
163.02
169.496
150.827
150.163
157.05
151.535
150.666
151.764
153.609
170.241
146.423
151.522
156.924
170.065
159.605
164.77
129.23
155.651
172.53
144.966
158.316
170.955
149.69
135.939
141.055
149.063
136
147.052
137.982
132.46
146.876
133.121
150.789
157.583
139.51
153.843
150.364
159.718
159.347
172.654
171.264
162.903
160.238
155.884
158.55
169.435
180.268
176.735
184.708
185.779
179.164
186.243
190.481
207.286
210.57
207.438
186.91
203.745
191.856
195.828
204.594
228.032
207.74
185.746
236.86
228.427
188.953
180.3
193.572
195.21
183.508
189.931
206.99
197.633
195.486
214.168
205
197.614
202.001
221.728
210.986
195.544
226.8
239.83
195.482
191.927
206.611
187.537
180.36
188.229
193.37
185.047
176.25
184.75
192.395
182.162
171.134
185.54
189.627
193.975
201.695
186.72
194.008
202.5
194.519
174.796
208.426
195.171
200.461
162.594
197.932
204.891
207.162
223.221
221.457
207.813
214.611
209.438
206.792
217.014
232.72
229.212
234.239
244.137
216.533
228.838
243.453
245.983
243.548
232.834
230.883
228.761
229.325
238.203
244.83
236.517
249.984
229.68
234.915
237.469
230.89
240.24
241.744
231.01
253.565
245
256.136
227.81
244.708
233.72
18.181
279.698
252.19
256.493
287.5
238.64
239.32
241.96
255.535
239.24
238.6
282.62
240.09
274.82
254.037
239.92
238.6
232.47
234.33
234.243
268.34
233.11
255.515
263.58
236.971
237.012
237.3
238.02
241.01
234
234.67
254.058
230.013
250.014
233.36
234.85
234.02
231.92
232.751
274.349
272.844
289.389
236.44
264.326
268.248
239.36
238.13
293.48
266.088
237.5
239
287.87
239.75
239.73
238.05
238.59
252.992
235.43
245
234.5
238.86
235.18
238.87
235.81
240
252.258
239.13
238.8
250.823
263.562
243.207
264.93
239.235
231.07
233.01
264.373
263.203

250.235
208.73
211.809
201.589
188.501
178.403
162.779
159.866
203.056
226.069
195.335
176.829
182.262
192.759
195.975
208.111
212
208.902
194.528
184.965
187.176
182.923
175.327
179.564
180.496
178.487
180.285
177.36
184.505
197.957
188.159
198.571
190.55
197.282
199.583
201.736
206.12
208.4
200.039
201.39
206.705
192.62
196.118
197.016
192.894
190.635
186.174
183.962
186.293
188.072
179.554
180.668
186.248
181.188
185
181.172
173.746
173.219
167.108
173.021
171.264
170.917
176.524
170.578
175.633
182.545
182.369
175.011
177.905
174.783
175.718
171.309
174.328
165.214
161.918
165.141
163.682
163.793
162.358
164.743
162.881
158.977
160.324
151.886
158.659
162.32
163.186
167.278
166.067
163.038
168.115
170.571
170.299
175.327
188.094
187.081
198.662
217.03
225.014
222.876
221.281
214.493
202.494
194.175
214.978
204.354
222
212.829
217.244
229.406
252.712
257.566
247.615
239.983
238.966
237.967
241.724
253.004
233.11
246.41
250.858
254.689
235
255.677
235.549
249.435
212.58
241.71
230
263.013
228.055
256.91
236.201
236.201
230
255.013
228.76
260.04
262.377
256.688
233.278
250.311
258.012
235.947
234.65
253.02
258.477
277.105
234.5
252.992
250.224
255.009
254.552
236.146
254.248
244.766
237.802
238.4
241.658
240.535
251.588
256.591
239.092
238.015
237.251
258.484
259.99
259.05
239.21
268.011
251.342
251.436
239.61
257.895
246.174
255.527
238.557
262.267
241
266.696
277.206
259.669
268.989
241.722
235.014
244.068
267.64
239.738
266.602
253.429
265.211
241.787
239.63
249.138
235.679
233.934
232.118
258.62
252.19
252.739
249.992
239.61
262.21
229.094
262.307
245.294
222.098
244.214
226.309
228.13
287.5
227.907
256.577
234.959
235.383
247.44
230
229.005
229.1
235.749
229.838
228
230.26
230.89
230.335
230.41
229.483
213.87
246.616
244.347
245.457
240.836
247.619
232.72
242.243
255.3
245.156
233.8
244.857
234.647
249.98
233.88
234.399
234.45
241.416
234.648
240.823
234.755
240.949
239.148
237.5
243.23
249.928
243.582
256.682
270.192
248.189
250.145
258.364
265.654
259.089
250.565
292.36
255.777
250.779
271.047
241.553
277.842
251.4
244.869
251.624
257.881
248.735
264.16
243.796
241.01
239.04
236.742
246.631
237.802
246.255
236.823
236.8
240.118
252.799
246.316
248.709
242.96
244.18
233.072
241.625
235.032
241.122
230.43
228.484
236.21
236.593
235.734
230.32
230.59
233.364
234.011
243.779
253.073
231.069
225.188
210.323
210
221.853
245.53
259.86
234.733
253.03
243.643
237.61
216.307
229.988
231.756
218.179
228.359
228.219
236.993
222.269
231.76
236.956
229.283
225.317
221.4
214.61
225.436
219.53
236
220.935
235.933
235.954
237.551
239.033
223.79
224.5
215.89
221.97
215.827
230.398
219.133
222.838
219.45
221.51
227.192
216.55
215.24
220.43
221.28
233.37
223.965
225.369
225.675
216.978
218.042
229.583
215.58
215.58
220.018
223.315
273.941
218.545
219.852
215.027
229.241
227.77
236.515
214.33
214.91
236.515
217.6
215.702
258.037
220.907
236.218
218.3
217.179
238.076
218.435
236.549
222.631
230.013
262.74
238.97
229.94
233.585
222.836
244.103
222.858
243.244
239.33
245.002
133.854
250.014
244.157
229.45
249.17
232.013
245.45
251.9
274.354
265
269.69
230.785
274.664
253.77
236.071
241.267
239.17
228.513
240.7
252.02
239.313
239.14
257.72
257.922
245.996
259.743
239.17
246.33
244.742
248.735
254.894
236.99
274.002
232.3
229.91
234.734
234.738
228.71
247.328
261.465
232.531
232.15
232.7
235.26
220.58
247.71
235.31
243.537
225.798
237.202
243.65
237.34
237.32
241.912
275.487
238.673
247.953
226.877
257.536
237.838
237.723
243.005
233.808
248.948
248.959
232.597
232.01
225.775
230.445
226.025
254.632
275.49
227.89
227.975
257.12
230.01
259.182
236.961
231.826
231.19
244.744
228.815
255.09
254.841
234.18
235.247
232.36
230
234.05
251.482
237.692
234.03
231.28
241.968
234.14
243.606
254.337
244.334
255.013
246.483
234.826
234.515
226.266
200
248.768
226.239
221.2
235.008
227.15
228
228
231.558
245.391
237.748
240.164
232.034
235.67
235.999
229.22
234.589
229.54
248.487
241.815
230
243.744
246.73
231.934
238.61
246.714
252.192
240.5
270.905
240.24
248.78
240.5
231.613
249.596
240.5
239.91
249.62
240.5
251.239
260.013
263.42
258.137
271.01
242.516
248.41
243.675
262.809
243.885
252.915
242.881
259.46
300.154
259.17
290.04
265.89
250.125
245.51
256.391
276.584
252.375
258.54
253.911
254.453
254.471
252.064
250.795
265.198
252.05
265.006
257.755
259.881
259.52
254.99
271.425
255.01
256.458
255.67
255.5
276.28
255.935
256.244
264.108
259.588
259.99
268.275
277.174
271.682
276.273
278.933
271.999
272.009
264.5
261.125
260.36
265.21
260.506
263.763
260.36
242.887
227.939
260.419
263.89
273.923
261.388
259.39
290.651
273.33
256.86
274.805
275.81
261.737
274.01
266.98
268.785
266.785
269.99
274.2
262
276.908
263.803
256.77
262.514
256.91
261.273
291.57
263.803
270.661
264.137
255.1
250.7
254.09
281.256
256.751
254.471
277.688
261.906
276
263.2
257.611
280.443
263.48
276.928
272.98
256.915
256.19
276.677
257.244
284.341
265.697

